lat,lon
18.180555,-66.749961
18.361945,-67.175597
18.455183,-67.119887
18.158345,-66.932911
18.295366,-67.125135
18.402253,-66.711397
18.420412,-66.671979
18.445147,-66.559696
17.991245,-67.153993
18.083361,-67.153897
18.064919,-66.716683
18.4126,-66.863926
18.190607,-66.832041
18.076713,-66.947389
18.295913,-66.515588
18.263085,-66.712985
18.43315,-66.285875
17.963613,-66.947127
18.349417,-66.578078
18.448452,-66.594127
17.985033,-66.886536
18.053539,-66.792931
18.407226,-66.808999
18.134695,-67.116199
18.46832,-67.015781
18.21033,-66.591616
18.003422,-67.03581
18.277102,-66.869645
18.240187,-66.988776
18.422908,-66.489337
18.377637,-67.079574
18.332568,-67.227022
18.434099,-66.927384
18.178225,-67.151514
18.221464,-67.156039
18.1078,-67.037263
18.332929,-66.959689
18.319026,-66.420557
18.382311,-66.626416
18.49551,-67.098671
18.410188,-66.336556
18.422987,-66.397214
18.482073,-66.391274
18.064848,-66.856319
18.248401,-66.130662
17.96577,-66.219555
18.128961,-66.266683
18.014055,-65.920751
18.003025,-66.046237
18.011233,-66.560065
17.991269,-66.606774
18.003222,-66.614037
18.231988,-65.759623
18.289927,-66.25344
18.217946,-66.428076
18.043498,-66.015479
18.218819,-66.042375
18.215308,-66.073565
17.989853,-66.664116
18.323585,-65.883206
18.030831,-66.616838
18.109947,-66.635622
18.252603,-65.682494
18.103624,-66.151667
18.308717,-65.738915
18.177233,-66.160645
18.331178,-65.634104
18.163855,-65.754042
18.352216,-65.817387
18.001317,-66.252183
18.147107,-65.976167
17.995441,-66.391334
18.130096,-65.439369
18.133196,-66.476916
18.069489,-65.896161
18.1038,-66.357586
18.187148,-65.871189
18.438968,-65.905168
18.342888,-65.723109
18.326599,-65.30772
18.224133,-65.908542
18.264076,-65.97851
18.102834,-66.568105
18.225708,-66.221633
18.30391,-66.326179
18.010714,-66.133615
18.155424,-66.229907
18.136782,-65.821476
18.198955,-66.309833
18.060494,-66.500624
18.349871,-64.974016
18.340709,-64.923329
17.7431,-64.686556
17.723548,-64.745932
17.744557,-64.682933
18.338559,-64.73653
18.327294,-64.78672
17.678145,-64.902355
17.758634,-64.817451
